1 0.1671875 0.496875 0.059375 0.0875
2 0.24453125 0.425 0.0734375 0.1046875
1 0.40625 0.46875 0.0734375 0.1015625
2 0.44296875 0.39375 0.0625 0.0875
2 0.39375 0.67109375 0.0765625 0.115625
1 0.47109375 0.8015625 0.065625 0.0953125
2 0.53515625 0.93125 0.0671875 0.1171875
2 0.5765625 0.971875 0.078125 0.053125
1 0.6171875 0.87109375 0.0859375 0.1078125
2 0.7109375 0.78203125 0.0640625 0.1
2 0.88671875 0.91640625 0.06875 0.1078125
2 0.74296875 0.57421875 0.059375 0.103125
2 0.8109375 0.61328125 0.0671875 0.0984375
2 0.540625 0.33671875 0.0578125 0.0890625
0 0.609375 0.2640625 0.0609375 0.09375
2 0.6984375 0.35 0.0578125 0.0796875
2 0.93984375 0.490625 0.05625 0.0890625
2 0.9 0.315625 0.053125 0.06875
2 0.778125 0.12578125 0.053125 0.08125
2 0.95546875 0.12109375 0.0453125 0.0609375
1 0.69296875 0.1421875 0.04375 0.0734375
1 0.61015625 0.065625 0.059375 0.078125
1 0.4484375 0.01484375 0.046875 0.0296875