1 0.19921875 0.64296875 0.059375 0.0875
2 0.2375 0.54453125 0.0734375 0.1046875
1 0.40234375 0.51328125 0.0734375 0.1015625
2 0.40234375 0.4296875 0.0625 0.0875
2 0.4796875 0.7 0.0765625 0.115625
1 0.60625 0.78359375 0.065625 0.0953125
2 0.7203125 0.87265625 0.0671875 0.1171875
2 0.78359375 0.90703125 0.0765625 0.0875
1 0.76796875 0.78203125 0.0859375 0.1078125
2 0.81328125 0.6609375 0.0640625 0.1
2 0.75078125 0.4609375 0.059375 0.103125
2 0.82890625 0.465625 0.0671875 0.0984375
2 0.465625 0.3359375 0.0578125 0.0890625
0 0.49453125 0.23984375 0.0609375 0.09375
2 0.6125 0.278125 0.0578125 0.0796875
2 0.89140625 0.29921875 0.05625 0.0890625
2 0.77890625 0.159375 0.053125 0.06875
2 0.5859375 0.04140625 0.053125 0.08125
2 0.859375 0.0328125 0.046875 0.065625
1 0.5171875 0.09375 0.04375 0.0734375
1 0.40859375 0.06171875 0.059375 0.078125
1 0.23515625 0.0734375 0.0453125 0.05625