1 0.16875 0.53203125 0.0515625 0.084375
2 0.23828125 0.45234375 0.0640625 0.1
1 0.403125 0.47890625 0.0640625 0.0984375
2 0.43203125 0.4 0.0546875 0.084375
2 0.4125 0.68125 0.065625 0.1125
1 0.503125 0.80234375 0.0578125 0.0921875
2 0.5796875 0.92578125 0.05625 0.1140625
2 0.628125 0.96796875 0.071875 0.0609375
1 0.65546875 0.85703125 0.0765625 0.103125
2 0.7390625 0.75859375 0.05625 0.0984375
2 0.928125 0.8734375 0.059375 0.1046875
2 0.74921875 0.5484375 0.05 0.1015625
2 0.82109375 0.58046875 0.059375 0.0953125
2 0.5234375 0.33359375 0.05 0.0875
0 0.58359375 0.25390625 0.053125 0.090625
2 0.68125 0.33046875 0.0515625 0.0765625
2 0.93671875 0.4453125 0.0484375 0.0859375
2 0.87890625 0.275 0.0484375 0.065625
2 0.7375 0.0984375 0.046875 0.0796875
2 0.91328125 0.075 0.040625 0.0578125
2 0.9890625 0.17734375 0.01875 0.0765625
1 0.6546875 0.12421875 0.0375 0.0703125
1 0.5640625 0.05703125 0.053125 0.075
1 0.39765625 0.01796875 0.0421875 0.0359375