1 0.13359375 0.51953125 0.1671875 0.2265625
1 0.51484375 0.565625 0.14375 0.1875
1 0.91953125 0.54140625 0.0703125 0.0734375
1 0.78046875 0.4703125 0.0421875 0.0578125
1 0.67421875 0.47578125 0.0578125 0.090625
1 0.41796875 0.4734375 0.071875 0.115625
2 0.33671875 0.34921875 0.046875 0.0890625
2 0.62890625 0.35078125 0.0484375 0.0859375
2 0.8515625 0.4328125 0.0515625 0.0703125
2 0.97734375 0.47734375 0.0421875 0.0765625
2 0.4796875 0.359375 0.034375 0.053125
1 0.53515625 0.3421875 0.0390625 0.0703125