1 0.18203125 0.4578125 0.0921875 0.1421875
1 0.2953125 0.63515625 0.0796875 0.1328125
1 0.51015625 0.60390625 0.071875 0.1640625
1 0.75546875 0.709375 0.1734375 0.321875
1 0.96015625 0.48828125 0.059375 0.096875
1 0.534375 0.4953125 0.05 0.078125
1 0.45078125 0.4453125 0.0390625 0.0625
1 0.33515625 0.48125 0.0375 0.0609375
1 0.4015625 0.63046875 0.0375 0.059375
1 0.640625 0.5203125 0.0484375 0.0921875
1 0.875 0.50234375 0.0328125 0.059375
1 0.0546875 0.40859375 0.0328125 0.05625
1 0.1296875 0.484375 0.0453125 0.0734375
1 0.30859375 0.39375 0.0296875 0.0578125
1 0.37265625 0.38515625 0.025 0.0515625