1 0.1796875 0.50234375 0.075 0.1328125
1 0.315625 0.6625 0.0625 0.1265625
1 0.525 0.6015625 0.05 0.159375
1 0.78203125 0.671875 0.1328125 0.3078125
1 0.95390625 0.42421875 0.046875 0.090625
1 0.5328125 0.490625 0.040625 0.0734375
1 0.44375 0.453125 0.03125 0.059375
1 0.334375 0.50390625 0.03125 0.0578125
1 0.42109375 0.64296875 0.03125 0.05625
1 0.6421875 0.5 0.0375 0.0875
1 0.871875 0.45 0.025 0.0578125
1 0.046875 0.471875 0.0265625 0.053125
1 0.13125 0.5359375 0.0359375 0.0703125
1 0.29609375 0.42109375 0.021875 0.05625
1 0.3578125 0.40390625 0.01875 0.05