1 0.19140625 0.58515625 0.103125 0.1453125
1 0.3640625 0.7046875 0.0890625 0.1359375
1 0.55 0.59140625 0.084375 0.165625
1 0.8171875 0.59296875 0.196875 0.328125
1 0.91875 0.309375 0.065625 0.0984375
1 0.5296875 0.48203125 0.05625 0.0796875
1 0.43359375 0.46875 0.04375 0.0640625
1 0.340625 0.546875 0.0421875 0.0625
1 0.4609375 0.65859375 0.0421875 0.0609375
1 0.6375 0.46328125 0.05625 0.09375
1 0.84609375 0.35546875 0.0375 0.0609375
1 0.0546875 0.58984375 0.0375 0.05625
1 0.153125 0.6296875 0.05 0.0765625
1 0.2828125 0.4765625 0.034375 0.059375
1 0.3375 0.44375 0.028125 0.0515625