2 0.353125 0.615625 0.1484375 0.221875
1 0.18828125 0.81484375 0.165625 0.2484375
2 0.3359375 0.90390625 0.1515625 0.146875
2 0.6171875 0.6578125 0.090625 0.121875
1 0.734375 0.77421875 0.1296875 0.1625
1 0.82421875 0.4953125 0.1015625 0.159375
1 0.68984375 0.4125 0.115625 0.178125
1 0.5046875 0.340625 0.084375 0.10625
2 0.0671875 0.44765625 0.1140625 0.1453125
2 0.21796875 0.4453125 0.0953125 0.1328125
2 0.26171875 0.09140625 0.0609375 0.125
2 0.1203125 0.09375 0.0734375 0.10625
1 0.340625 0.18203125 0.071875 0.096875
2 0.465625 0.14375 0.0625 0.1125
2 0.653125 0.12421875 0.0953125 0.1015625
2 0.76328125 0.271875 0.0609375 0.1109375
2 0.8890625 0.1546875 0.0703125 0.1
2 0.98828125 0.1203125 0.0203125 0.08125
1 0.9359375 0.3234375 0.078125 0.10625
2 0.27421875 0.2484375 0.065625 0.103125