2 0.3734375 0.6375 0.1515625 0.2234375
1 0.24140625 0.86015625 0.1703125 0.25
2 0.4015625 0.92421875 0.1546875 0.15
2 0.640625 0.6375 0.0921875 0.1234375
1 0.77421875 0.734375 0.1328125 0.1640625
1 0.81953125 0.44453125 0.103125 0.1609375
1 0.67421875 0.38359375 0.1171875 0.1796875
1 0.4796875 0.34140625 0.0859375 0.1078125
2 0.06484375 0.51640625 0.1171875 0.1484375
2 0.2125 0.48984375 0.096875 0.134375
2 0.20078125 0.134375 0.0625 0.1265625
2 0.06171875 0.1578125 0.0765625 0.1078125
1 0.29296875 0.2109375 0.071875 0.096875
2 0.41015625 0.153125 0.0640625 0.1140625
2 0.5921875 0.1046875 0.096875 0.103125
2 0.72421875 0.23359375 0.0625 0.1125
2 0.83046875 0.09765625 0.071875 0.1
2 0.9375 0.0453125 0.053125 0.0796875
1 0.903125 0.2578125 0.0796875 0.10625
2 0.2375 0.28671875 0.0671875 0.1046875