1 0.546875 0.4953125 0.046875 0.0734375
1 0.4296875 0.53828125 0.0484375 0.075
1 0.328125 0.4625 0.0546875 0.075
1 0.1125 0.3953125 0.0484375 0.0796875
1 0.315625 0.7828125 0.0578125 0.08125
1 0.65 0.8203125 0.0515625 0.084375
1 0.89609375 0.82265625 0.053125 0.0671875
1 0.784375 0.6015625 0.040625 0.0609375
1 0.79296875 0.42265625 0.04375 0.08125
1 0.8921875 0.571875 0.040625 0.0625
1 0.3796875 0.3234375 0.0453125 0.0515625
1 0.28828125 0.2546875 0.0390625 0.0578125
1 0.075 0.26484375 0.04375 0.0625
1 0.13359375 0.20703125 0.046875 0.0609375
1 0.2234375 0.10078125 0.0390625 0.053125
1 0.684375 0.278125 0.040625 0.065625
1 0.36171875 0.18828125 0.040625 0.0609375
1 0.62734375 0.21953125 0.040625 0.0578125
1 0.1828125 0.809375 0.0578125 0.071875
1 0.07109375 0.70703125 0.053125 0.071875
1 0.1640625 0.51015625 0.0640625 0.090625