1 0.546875 0.490625 0.040625 0.0703125
1 0.43359375 0.5453125 0.0421875 0.0734375
1 0.325 0.48046875 0.0484375 0.071875
1 0.10390625 0.43671875 0.040625 0.078125
1 0.34609375 0.8 0.0515625 0.078125
1 0.6828125 0.803125 0.04375 0.0828125
1 0.928125 0.7796875 0.046875 0.0640625
1 0.79296875 0.571875 0.034375 0.059375
1 0.7828125 0.3921875 0.0375 0.0796875
1 0.89765625 0.53046875 0.0359375 0.0609375
1 0.36171875 0.33671875 0.040625 0.0484375
1 0.2640625 0.278125 0.034375 0.0546875
1 0.05234375 0.3109375 0.0390625 0.059375
1 0.1046875 0.246875 0.0421875 0.0578125
1 0.18359375 0.13203125 0.034375 0.0515625
1 0.66015625 0.26015625 0.0359375 0.0640625
1 0.3296875 0.20390625 0.0359375 0.059375
1 0.59765625 0.2078125 0.034375 0.0546875
1 0.21640625 0.840625 0.0515625 0.06875
1 0.0953125 0.75078125 0.0484375 0.06875
1 0.1671875 0.5453125 0.05625 0.0875