1 0.5421875 0.478125 0.0453125 0.071875
1 0.44921875 0.5625 0.046875 0.075
1 0.3265625 0.5296875 0.053125 0.0734375
1 0.1015625 0.5484375 0.046875 0.0796875
1 0.434375 0.83125 0.05625 0.0796875
1 0.759375 0.740625 0.0484375 0.084375
1 0.98046875 0.6515625 0.0359375 0.06875
1 0.8015625 0.48828125 0.0375 0.0609375
1 0.7421875 0.31875 0.0421875 0.0796875
1 0.890625 0.4203125 0.0390625 0.0625
1 0.321875 0.38125 0.04375 0.0515625
1 0.21171875 0.3515625 0.0375 0.05625
1 0.0203125 0.4421875 0.040625 0.0625
1 0.05 0.365625 0.0453125 0.059375
1 0.09453125 0.23359375 0.0375 0.053125
1 0.58828125 0.225 0.0390625 0.065625
1 0.2546875 0.2625 0.0390625 0.0609375
1 0.51328125 0.1921875 0.0390625 0.05625
1 0.321875 0.90625 0.05625 0.0703125
1 0.1796875 0.85234375 0.0515625 0.0703125
1 0.1921875 0.63515625 0.0609375 0.0890625