2 0.08046875 0.521875 0.0703125 0.1640625
2 0.39296875 0.53984375 0.065625 0.1578125
2 0.53984375 0.68359375 0.0625 0.1390625
2 0.26484375 0.43515625 0.05625 0.1203125
2 0.44609375 0.41484375 0.0515625 0.1234375
2 0.34375 0.403125 0.0546875 0.128125
2 0.1453125 0.46171875 0.0609375 0.1203125
2 0.2171875 0.31484375 0.053125 0.1140625
2 0.31171875 0.25859375 0.053125 0.1140625
2 0.41484375 0.28046875 0.05 0.1109375
2 0.328125 0.1859375 0.05625 0.1015625
2 0.44375 0.17421875 0.0453125 0.121875
2 0.4890625 0.3 0.0578125 0.1296875
2 0.5609375 0.32890625 0.0671875 0.1359375
2 0.584375 0.2125 0.05625 0.13125
2 0.62265625 0.51484375 0.059375 0.1265625
2 0.66875 0.32578125 0.0609375 0.1453125
2 0.75625 0.3484375 0.0609375 0.1328125
2 0.815625 0.3078125 0.06875 0.1296875