1 0.4125 0.55 0.0734375 0.1078125
1 0.46171875 0.4875 0.034375 0.071875
1 0.5109375 0.4609375 0.0421875 0.078125
1 0.56640625 0.57109375 0.075 0.11875
1 0.6234375 0.4171875 0.0546875 0.084375
1 0.7296875 0.45703125 0.0546875 0.084375
1 0.740625 0.56171875 0.065625 0.10625
1 0.95546875 0.37890625 0.08125 0.1703125
1 0.07734375 0.54765625 0.125 0.171875
1 0.25703125 0.46796875 0.0359375 0.05625
1 0.30078125 0.3984375 0.0328125 0.0609375
1 0.346875 0.3828125 0.0296875 0.0453125
1 0.378125 0.44921875 0.046875 0.0640625
1 0.33828125 0.5203125 0.0484375 0.0546875
1 0.1984375 0.47265625 0.0421875 0.078125
1 0.66875 0.38203125 0.03125 0.0515625
1 0.78984375 0.48046875 0.059375 0.090625
1 0.55078125 0.42109375 0.0421875 0.0578125
1 0.57734375 0.33203125 0.0359375 0.05625