2 0.21796875 0.81640625 0.078125 0.115625
2 0.03125 0.82890625 0.0625 0.1109375
2 0.353125 0.83203125 0.078125 0.1453125
2 0.54296875 0.78046875 0.0609375 0.0828125
2 0.815625 0.846875 0.078125 0.0859375
2 0.2328125 0.69296875 0.0578125 0.059375
2 0.17421875 0.62734375 0.05 0.0578125
2 0.58671875 0.68828125 0.053125 0.0703125
2 0.90390625 0.71953125 0.046875 0.06875
2 0.01796875 0.5265625 0.0359375 0.065625
2 0.146875 0.50625 0.040625 0.0484375
2 0.20625 0.5390625 0.0421875 0.0484375
2 0.2359375 0.5578125 0.040625 0.065625
2 0.30703125 0.61796875 0.0375 0.059375
2 0.33984375 0.56875 0.0359375 0.0546875
2 0.32578125 0.53828125 0.03125 0.0453125
2 0.540625 0.634375 0.0359375 0.053125
2 0.5390625 0.3640625 0.0484375 0.06875
2 0.57109375 0.55625 0.034375 0.046875
2 0.64375 0.56875 0.028125 0.0359375
2 0.70859375 0.48203125 0.021875 0.0375
2 0.97578125 0.53359375 0.028125 0.0359375
2 0.78046875 0.453125 0.0171875 0.0265625
2 0.821875 0.5015625 0.0203125 0.03125
2 0.1953125 0.4390625 0.0203125 0.025
2 0.21875 0.43671875 0.021875 0.0296875
2 0.13359375 0.44296875 0.01875 0.021875
2 0.35078125 0.5109375 0.0296875 0.046875
2 0.6125 0.5125 0.0265625 0.0328125
2 0.921875 0.51640625 0.0234375 0.025
2 0.85390625 0.46640625 0.015625 0.0203125
2 0.85859375 0.49375 0.01875 0.025
2 0.73828125 0.47890625 0.021875 0.0328125
2 0.325 0.378125 0.015625 0.0234375
2 0.1703125 0.3296875 0.0203125 0.0328125