2 0.35 0.89609375 0.0734375 0.1125
2 0.17109375 0.9609375 0.0765625 0.075
2 0.48203125 0.8625 0.071875 0.14375
2 0.64140625 0.746875 0.0578125 0.08125
2 0.91875 0.7109375 0.075 0.084375
2 0.31953125 0.77578125 0.0546875 0.0578125
2 0.24140625 0.73515625 0.0484375 0.05625
2 0.6484375 0.6453125 0.05 0.06875
2 0.95546875 0.56015625 0.0453125 0.06875
2 0.05703125 0.69765625 0.0359375 0.0640625
2 0.17265625 0.6328125 0.0390625 0.046875
2 0.23984375 0.64140625 0.040625 0.046875
2 0.27421875 0.64921875 0.0375 0.065625
2 0.3625 0.67890625 0.034375 0.059375
2 0.375 0.621875 0.0328125 0.0546875
2 0.35078125 0.59765625 0.0296875 0.0453125
2 0.5859375 0.61015625 0.0328125 0.053125
2 0.48828125 0.35859375 0.0453125 0.06875
2 0.58671875 0.52734375 0.0328125 0.0453125
2 0.65859375 0.5125 0.0265625 0.0359375
2 0.68828125 0.40859375 0.0203125 0.0359375
2 0.95625 0.36015625 0.0265625 0.0359375
2 0.7453125 0.35625 0.015625 0.025
2 0.80078125 0.3859375 0.01875 0.03125
2 0.19375 0.55234375 0.01875 0.025
2 0.21484375 0.5421875 0.021875 0.0296875
2 0.1375 0.578125 0.0171875 0.021875
2 0.36484375 0.56328125 0.028125 0.046875
2 0.609375 0.471875 0.025 0.03125
2 0.9 0.3640625 0.021875 0.0234375
2 0.81796875 0.3421875 0.0140625 0.0203125
2 0.83203125 0.365625 0.0171875 0.025
2 0.71484375 0.39453125 0.0203125 0.03125
2 0.29296875 0.44921875 0.015625 0.0234375
2 0.13125 0.45859375 0.01875 0.0328125