2 0.37109375 0.90390625 0.078125 0.115625
2 0.196875 0.96875 0.08125 0.059375
2 0.5015625 0.86328125 0.078125 0.1453125
2 0.65390625 0.7390625 0.0609375 0.0828125
2 0.92890625 0.68828125 0.078125 0.0859375
2 0.334375 0.78515625 0.0578125 0.059375
2 0.25390625 0.7484375 0.05 0.0578125
2 0.65625 0.63671875 0.053125 0.0703125
2 0.9578125 0.5359375 0.046875 0.06875
2 0.06796875 0.7203125 0.0390625 0.0640625
2 0.18046875 0.64921875 0.040625 0.0484375
2 0.24765625 0.6546875 0.0421875 0.0484375
2 0.2828125 0.66015625 0.040625 0.065625
2 0.371875 0.6859375 0.0375 0.059375
2 0.38203125 0.628125 0.0359375 0.0546875
2 0.35625 0.60546875 0.03125 0.0453125
2 0.5921875 0.60546875 0.0359375 0.053125
2 0.48046875 0.359375 0.0484375 0.06875
2 0.58828125 0.52265625 0.034375 0.046875
2 0.659375 0.5046875 0.028125 0.0359375
2 0.6828125 0.3984375 0.021875 0.0375
2 0.9484375 0.33671875 0.028125 0.0359375
2 0.7375 0.34296875 0.0171875 0.0265625
2 0.79453125 0.3703125 0.0203125 0.03125
2 0.196875 0.56875 0.0203125 0.025
2 0.2171875 0.55703125 0.021875 0.0296875
2 0.1421875 0.596875 0.01875 0.021875
2 0.36796875 0.5703125 0.0296875 0.046875
2 0.6078125 0.465625 0.0265625 0.0328125
2 0.8921875 0.34296875 0.0234375 0.025
2 0.809375 0.32578125 0.015625 0.0203125
2 0.825 0.3484375 0.01875 0.025
2 0.709375 0.38359375 0.021875 0.0328125
2 0.28984375 0.46015625 0.015625 0.0234375
2 0.1296875 0.478125 0.0203125 0.0328125