1 0.11875 0.73125 0.175 0.384375
1 0.48046875 0.403125 0.0875 0.14375
1 0.76484375 0.4234375 0.0828125 0.13125
1 0.9015625 0.26484375 0.0703125 0.128125
1 0.77578125 0.14765625 0.0609375 0.1
1 0.625 0.10234375 0.0859375 0.128125
2 0.54453125 0.18828125 0.059375 0.1
2 0.51171875 0.2421875 0.08125 0.1140625
1 0.30390625 0.19296875 0.071875 0.146875
1 0.2125 0.1890625 0.0828125 0.1109375
1 0.2609375 0.07890625 0.0578125 0.0921875
2 0.35859375 0.07109375 0.06875 0.0984375
2 0.47421875 0.071875 0.059375 0.1296875