1 0.0796875 0.61796875 0.159375 0.3859375
1 0.5078125 0.4015625 0.0875 0.14375
1 0.77578125 0.49921875 0.0828125 0.13125
1 0.95078125 0.384375 0.0703125 0.128125
1 0.86171875 0.23671875 0.0609375 0.1
1 0.7296875 0.15234375 0.0859375 0.128125
2 0.62890625 0.2125 0.059375 0.1
2 0.5828125 0.25546875 0.08125 0.1140625
1 0.39609375 0.15078125 0.071875 0.146875
1 0.309375 0.121875 0.0828125 0.1109375
1 0.3859375 0.03828125 0.059375 0.0765625
2 0.48203125 0.04921875 0.0703125 0.0984375
2 0.59375 0.08125 0.059375 0.1296875