1 0.10390625 0.70390625 0.15 0.378125
1 0.48671875 0.40234375 0.078125 0.1390625
1 0.76953125 0.4421875 0.0734375 0.128125
1 0.9171875 0.29296875 0.0609375 0.125
1 0.79921875 0.1671875 0.0546875 0.096875
1 0.65234375 0.11171875 0.078125 0.125
2 0.56640625 0.1921875 0.053125 0.096875
2 0.5296875 0.24375 0.075 0.109375
1 0.32578125 0.18046875 0.0625 0.14375
1 0.23515625 0.1703125 0.075 0.10625
1 0.290625 0.06328125 0.0515625 0.090625
2 0.3890625 0.0625 0.0625 0.0953125
2 0.5046875 0.07109375 0.0515625 0.1265625