1 0.3015625 0.965625 0.04375 0.065625
1 0.4640625 0.93828125 0.0453125 0.06875
1 0.590625 0.85546875 0.05 0.06875
1 0.68125 0.79609375 0.04375 0.075
1 0.80234375 0.87109375 0.0546875 0.075
1 0.95625 0.9140625 0.046875 0.0671875
1 0.940625 0.7421875 0.040625 0.0671875
1 0.96875 0.71796875 0.0390625 0.0625
1 0.9515625 0.5484375 0.0421875 0.0734375
1 0.70234375 0.5265625 0.0359375 0.0625
1 0.5953125 0.5046875 0.0328125 0.0515625
1 0.4828125 0.584375 0.0375 0.05625
1 0.43359375 0.71328125 0.0375 0.0640625
1 0.40703125 0.70546875 0.0359375 0.06875
1 0.27890625 0.63359375 0.0359375 0.0625
2 0.18125 0.66953125 0.0328125 0.0421875
2 0.125 0.61640625 0.034375 0.0515625
1 0.10546875 0.74765625 0.05 0.0609375
1 0.01640625 0.53125 0.0328125 0.065625
1 0.071875 0.5140625 0.0328125 0.059375
1 0.128125 0.51328125 0.0359375 0.0546875
1 0.246875 0.42421875 0.0359375 0.0546875
2 0.2859375 0.47421875 0.0328125 0.0421875
1 0.36015625 0.475 0.034375 0.05625
1 0.42265625 0.43671875 0.0328125 0.0546875
1 0.46015625 0.5421875 0.034375 0.0609375
1 0.4890625 0.45 0.0359375 0.0546875
1 0.590625 0.3765625 0.0421875 0.0578125
1 0.65234375 0.36328125 0.0265625 0.0453125
1 0.6828125 0.396875 0.03125 0.0515625
1 0.7125 0.43203125 0.03125 0.05625
1 0.7171875 0.37421875 0.028125 0.053125
1 0.8609375 0.3234375 0.03125 0.0484375
1 0.896875 0.378125 0.0375 0.0546875
1 0.88984375 0.42265625 0.034375 0.05
1 0.9484375 0.47890625 0.0390625 0.0515625
1 0.46640625 0.3609375 0.0375 0.05625
1 0.43515625 0.33125 0.028125 0.046875
1 0.521875 0.36796875 0.028125 0.0453125
1 0.5375 0.33515625 0.0265625 0.04375
1 0.534375 0.28515625 0.0234375 0.0359375
1 0.60703125 0.28203125 0.021875 0.040625
1 0.74140625 0.20546875 0.0234375 0.0453125
1 0.78984375 0.26953125 0.0265625 0.0421875
1 0.81953125 0.2375 0.021875 0.0421875
1 0.8484375 0.27890625 0.0328125 0.0484375
1 0.89453125 0.26640625 0.0421875 0.0453125
1 0.8171875 0.17890625 0.021875 0.0390625
1 0.7828125 0.128125 0.0203125 0.0296875
1 0.5859375 0.1765625 0.021875 0.0421875
1 0.4734375 0.234375 0.028125 0.04375
1 0.36171875 0.21484375 0.01875 0.0265625
1 0.34296875 0.30703125 0.034375 0.0484375
2 0.31484375 0.259375 0.0328125 0.04375
2 0.115625 0.33203125 0.028125 0.04375
1 0.121875 0.415625 0.0375 0.0484375
1 0.15703125 0.4125 0.03125 0.0453125
1 0.19921875 0.31171875 0.0234375 0.040625
2 0.18046875 0.28359375 0.021875 0.0375
1 0.0546875 0.24765625 0.025 0.0453125
1 0.22109375 0.175 0.021875 0.0359375
1 0.21171875 0.2671875 0.0265625 0.040625
1 0.2875 0.22890625 0.0265625 0.0359375
2 0.2734375 0.29140625 0.0265625 0.0453125
2 0.23984375 0.3171875 0.03125 0.040625
1 0.24921875 0.14375 0.028125 0.0390625
1 0.26640625 0.11484375 0.0203125 0.0328125
1 0.2984375 0.0765625 0.021875 0.0359375
1 0.33828125 0.08125 0.0203125 0.0296875
2 0.3546875 0.12734375 0.021875 0.03125
1 0.38125 0.1140625 0.0234375 0.0359375
1 0.3640625 0.06796875 0.015625 0.0265625
1 0.30078125 0.0375 0.021875 0.025
1 0.0734375 0.09296875 0.021875 0.0421875
1 0.4203125 0.07109375 0.01875 0.025
1 0.453125 0.1390625 0.0234375 0.0375
1 0.4890625 0.10078125 0.025 0.0375
1 0.39375 0.0265625 0.01875 0.03125
1 0.51796875 0.05546875 0.028125 0.040625
1 0.48671875 0.02890625 0.01875 0.0296875
1 0.45546875 0.0796875 0.025 0.03125
1 0.61171875 0.05 0.0203125 0.03125
1 0.6515625 0.0671875 0.015625 0.028125
2 0.62890625 0.11640625 0.0171875 0.0234375
2 0.690625 0.115625 0.021875 0.0359375
1 0.67265625 0.17890625 0.0265625 0.0421875
1 0.825 0.12265625 0.021875 0.0375
1 0.91015625 0.128125 0.034375 0.0359375
1 0.925 0.04296875 0.028125 0.05
1 0.83828125 0.025 0.0203125 0.03125
1 0.81171875 0.00546875 0.0171875 0.0109375
1 0.7640625 0.0328125 0.01875 0.0359375
2 0.78359375 0.053125 0.0171875 0.0328125
1 0.68046875 0.078125 0.0265625 0.0390625
1 0.5859375 0.07265625 0.025 0.0359375
2 0.60234375 0.146875 0.025 0.0390625
1 0.56796875 0.00703125 0.0234375 0.0140625
2 0.93671875 0.01328125 0.015625 0.0234375
1 0.875 0.22265625 0.0234375 0.0328125
1 0.9875 0.42578125 0.0203125 0.0546875
1 0.29921875 0.5828125 0.0328125 0.053125
1 0.4921875 0.78671875 0.03125 0.0625
1 0.3921875 0.63203125 0.0328125 0.0546875