1 0.34375 0.97265625 0.05 0.0515625
1 0.50234375 0.93984375 0.0515625 0.071875
1 0.621875 0.84609375 0.0546875 0.071875
1 0.70625 0.77890625 0.0484375 0.0765625
1 0.83359375 0.84375 0.059375 0.078125
1 0.98125 0.87265625 0.034375 0.0703125
1 0.96015625 0.70234375 0.0453125 0.06875
1 0.98125 0.6765625 0.034375 0.065625
1 0.95390625 0.50859375 0.046875 0.075
1 0.70390625 0.50859375 0.040625 0.0640625
1 0.5953125 0.496875 0.0375 0.053125
1 0.490625 0.5859375 0.0421875 0.0578125
1 0.45234375 0.71875 0.0421875 0.065625
1 0.42578125 0.71328125 0.040625 0.0703125
1 0.29140625 0.65234375 0.040625 0.065625
2 0.19765625 0.696875 0.0359375 0.04375
2 0.1359375 0.6484375 0.0375 0.053125
1 0.128125 0.78125 0.053125 0.0640625
1 0.01953125 0.57421875 0.0390625 0.0671875
1 0.075 0.5515625 0.0375 0.0609375
1 0.13046875 0.54609375 0.040625 0.05625
1 0.240625 0.44609375 0.0390625 0.05625
2 0.284375 0.49296875 0.0359375 0.04375
1 0.35859375 0.48671875 0.0375 0.0578125
1 0.41796875 0.44375 0.0375 0.05625
1 0.4640625 0.5453125 0.0390625 0.0625
1 0.48515625 0.4515625 0.040625 0.05625
1 0.57890625 0.36875 0.046875 0.059375
1 0.63984375 0.35078125 0.0296875 0.046875
1 0.67265625 0.38125 0.0359375 0.053125
1 0.70625 0.4140625 0.034375 0.05625
1 0.70546875 0.35546875 0.0328125 0.053125
1 0.84375 0.29296875 0.0359375 0.05
1 0.884375 0.34375 0.0421875 0.0578125
1 0.88125 0.3890625 0.0375 0.0515625
1 0.94453125 0.43984375 0.0421875 0.0546875
1 0.4546875 0.3640625 0.0421875 0.0578125
1 0.42109375 0.33828125 0.0328125 0.0484375
1 0.51015625 0.3671875 0.03125 0.046875
1 0.52265625 0.33203125 0.0296875 0.04375
1 0.515625 0.2828125 0.025 0.0375
1 0.5875 0.2734375 0.025 0.0421875
1 0.71484375 0.1859375 0.028125 0.046875
1 0.76875 0.24453125 0.0296875 0.0421875
1 0.7953125 0.21015625 0.025 0.04375
1 0.82734375 0.24921875 0.0359375 0.05
1 0.87265625 0.2328125 0.0453125 0.0484375
1 0.78828125 0.153125 0.025 0.040625
1 0.74921875 0.10546875 0.021875 0.03125
1 0.5578125 0.1703125 0.025 0.04375
1 0.45078125 0.2375 0.03125 0.0453125
1 0.3375 0.228125 0.0203125 0.028125
1 0.32734375 0.32109375 0.0375 0.05
2 0.29453125 0.27578125 0.0359375 0.046875
2 0.10234375 0.36640625 0.03125 0.0453125
1 0.11640625 0.44921875 0.040625 0.05
1 0.15078125 0.4421875 0.034375 0.046875
1 0.18359375 0.3390625 0.0265625 0.0421875
2 0.16328125 0.31171875 0.0234375 0.0375
1 0.034375 0.2875 0.028125 0.046875
1 0.19375 0.20078125 0.0234375 0.0375
1 0.1921875 0.29296875 0.0296875 0.0421875
1 0.2640625 0.2484375 0.0296875 0.0375
2 0.25625 0.3125 0.0296875 0.046875
2 0.225 0.340625 0.034375 0.0421875
1 0.21875 0.16640625 0.03125 0.040625
1 0.23359375 0.13671875 0.021875 0.034375
1 0.2625 0.09609375 0.0234375 0.0359375
1 0.30234375 0.096875 0.0234375 0.03125
2 0.3234375 0.14140625 0.0234375 0.0328125
1 0.34765625 0.12578125 0.025 0.0375
1 0.32734375 0.08125 0.0171875 0.028125
1 0.2609375 0.05625 0.0234375 0.0265625
1 0.03984375 0.13125 0.025 0.0421875
1 0.38359375 0.0796875 0.0203125 0.0265625
1 0.421875 0.14453125 0.025 0.0390625
1 0.45390625 0.103125 0.0265625 0.0390625
1 0.353125 0.0375 0.021875 0.03125
1 0.47890625 0.05546875 0.03125 0.0421875
1 0.44609375 0.03125 0.0203125 0.0296875
1 0.41875 0.08515625 0.0265625 0.03125
1 0.571875 0.0421875 0.0234375 0.03125
1 0.61328125 0.05546875 0.0171875 0.028125
2 0.5953125 0.10703125 0.01875 0.0234375
2 0.65625 0.1 0.0234375 0.0359375
1 0.64375 0.16484375 0.0296875 0.0421875
1 0.790625 0.0953125 0.025 0.0390625
1 0.8765625 0.09453125 0.0375 0.0375
1 0.88359375 0.0171875 0.0328125 0.034375
1 0.7953125 0.00703125 0.025 0.0140625
1 0.72265625 0.015625 0.0234375 0.03125
2 0.74375 0.03046875 0.0203125 0.034375
1 0.64296875 0.0640625 0.0296875 0.040625
1 0.5484375 0.0671875 0.028125 0.0359375
2 0.57109375 0.1390625 0.028125 0.040625
1 0.5234375 0.00546875 0.025 0.0109375
1 0.85 0.190625 0.025 0.034375
1 0.97890625 0.38359375 0.0234375 0.0546875
1 0.30703125 0.6 0.0375 0.0546875
1 0.5171875 0.78671875 0.0359375 0.0640625
1 0.40390625 0.64140625 0.0375 0.05625