2 0.11953125 0.73671875 0.0859375 0.2109375
2 0.35703125 0.81953125 0.078125 0.1984375
2 0.0796875 0.559375 0.0875 0.1953125
2 0.16640625 0.421875 0.0796875 0.2015625
2 0.2578125 0.2390625 0.071875 0.2140625
2 0.2921875 0.45 0.071875 0.1921875
2 0.42734375 0.54140625 0.075 0.1859375
2 0.415625 0.34296875 0.06875 0.1890625
2 0.53671875 0.21015625 0.071875 0.171875
2 0.5703125 0.53828125 0.0765625 0.1984375
2 0.7046875 0.50859375 0.0890625 0.171875
2 0.82890625 0.5328125 0.078125 0.2046875
2 0.7828125 0.2203125 0.0765625 0.1921875
2 0.61796875 0.33125 0.08125 0.1828125
2 0.88203125 0.3265625 0.075 0.1984375
2 0.965625 0.3875 0.0671875 0.2265625