2 0.07578125 0.64453125 0.13125 0.2234375
2 0.2890625 0.77890625 0.1203125 0.209375
2 0.0765625 0.46328125 0.128125 0.2078125
2 0.1921875 0.3484375 0.1234375 0.2125
2 0.32265625 0.190625 0.1171875 0.221875
2 0.30859375 0.4046875 0.1125 0.2015625
2 0.41953125 0.52421875 0.1140625 0.196875
2 0.453125 0.328125 0.1078125 0.196875
2 0.6015625 0.22578125 0.109375 0.1828125
2 0.56015625 0.553125 0.11875 0.209375
2 0.69765625 0.55390625 0.125 0.1875
2 0.81328125 0.60625 0.121875 0.215625
2 0.83828125 0.29140625 0.1171875 0.203125
2 0.653125 0.36171875 0.1203125 0.1953125
2 0.9109375 0.4171875 0.1171875 0.2078125
2 0.959375 0.49609375 0.078125 0.2359375