1 0.84609375 0.61796875 0.15 0.34375
1 0.93515625 0.73984375 0.0640625 0.190625
1 0.453125 0.61328125 0.075 0.159375
1 0.39921875 0.42109375 0.053125 0.14375
1 0.20703125 0.41171875 0.071875 0.140625
1 0.08984375 0.5203125 0.0546875 0.09375
1 0.0421875 0.42421875 0.0546875 0.084375
1 0.32578125 0.45625 0.0484375 0.078125
1 0.59140625 0.4671875 0.0515625 0.09375
1 0.6859375 0.49921875 0.040625 0.121875
1 0.64453125 0.4125 0.0265625 0.0546875
1 0.625 0.37421875 0.0265625 0.059375
1 0.33046875 0.3421875 0.0171875 0.040625
1 0.26875 0.32734375 0.021875 0.04375
1 0.12265625 0.35703125 0.01875 0.0375
1 0.01796875 0.32734375 0.01875 0.040625
2 0.1390625 0.3046875 0.021875 0.0359375
0 0.45078125 0.37421875 0.0171875 0.034375
1 0.3578125 0.42109375 0.03125 0.0703125