1 0.75546875 0.8671875 0.15625 0.2546875
1 0.54375 0.38828125 0.1078125 0.246875
1 0.4140625 0.49140625 0.0859375 0.196875
1 0.2640625 0.59296875 0.1140625 0.2171875
1 0.103125 0.70703125 0.1796875 0.390625
2 0.296875 0.3546875 0.0578125 0.1625
1 0.6359375 0.37578125 0.1078125 0.2296875
1 0.7796875 0.3890625 0.078125 0.18125
1 0.96015625 0.41171875 0.078125 0.196875
1 0.9140625 0.16953125 0.0609375 0.13125
1 0.85625 0.196875 0.0453125 0.09375
2 0.66484375 0.13515625 0.0453125 0.1171875
1 0.72734375 0.0828125 0.0375 0.0859375
2 0.6 0.1203125 0.046875 0.1015625
1 0.434375 0.0921875 0.034375 0.0625