1 0.76171875 0.86328125 0.1609375 0.2578125
1 0.54140625 0.3875 0.1125 0.2484375
1 0.4140625 0.49296875 0.0890625 0.1984375
1 0.265625 0.59765625 0.11875 0.21875
1 0.10625 0.7140625 0.1859375 0.39375
2 0.29375 0.3578125 0.0609375 0.1640625
1 0.63359375 0.3734375 0.1125 0.23125
1 0.77734375 0.384375 0.08125 0.1828125
1 0.95859375 0.403125 0.08125 0.1984375
1 0.9078125 0.1625 0.0640625 0.13125
1 0.85078125 0.190625 0.046875 0.0953125
2 0.65859375 0.1328125 0.0484375 0.11875
1 0.71953125 0.07890625 0.0390625 0.0859375
2 0.59296875 0.11875 0.0484375 0.103125
1 0.42734375 0.09375 0.034375 0.0640625