1 0.68046875 0.88515625 0.1953125 0.2265625
1 0.5640625 0.3984375 0.1453125 0.259375
1 0.4171875 0.475 0.1140625 0.20625
1 0.25078125 0.54609375 0.146875 0.23125
1 0.0953125 0.628125 0.190625 0.4125
2 0.328125 0.31796875 0.08125 0.16875
1 0.65703125 0.40390625 0.1421875 0.2421875
1 0.7953125 0.44453125 0.10625 0.190625
1 0.95625 0.5015625 0.084375 0.20625
1 0.96328125 0.25546875 0.0703125 0.1390625
1 0.9078125 0.2703125 0.059375 0.1
2 0.73125 0.1734375 0.0640625 0.1234375
1 0.80234375 0.13359375 0.05 0.090625
2 0.6703125 0.14609375 0.0625 0.1078125
1 0.51328125 0.0875 0.04375 0.0671875