2 0.18125 0.28359375 0.0359375 0.084375
2 0.3609375 0.2984375 0.0421875 0.0921875
2 0.26640625 0.259375 0.0359375 0.0828125
2 0.24921875 0.3265625 0.0359375 0.09375
2 0.490625 0.18046875 0.0421875 0.1234375
2 0.0390625 0.27734375 0.0328125 0.103125
2 0.06875 0.2890625 0.04375 0.1046875
2 0.5890625 0.23203125 0.0296875 0.065625
2 0.39609375 0.2203125 0.05625 0.096875
2 0.3375 0.1984375 0.028125 0.071875
2 0.9265625 0.21953125 0.0375 0.0859375
2 0.81328125 0.221875 0.03125 0.053125
2 0.740625 0.21953125 0.0265625 0.0484375
2 0.99453125 0.2015625 0.0078125 0.05
1 0.7046875 0.3203125 0.040625 0.0921875