2 0.1578125 0.32421875 0.034375 0.0828125
2 0.33671875 0.3171875 0.040625 0.090625
2 0.23828125 0.28984375 0.034375 0.08125
2 0.2296875 0.35859375 0.034375 0.0921875
2 0.45234375 0.184375 0.040625 0.1234375
2 0.015625 0.33515625 0.03125 0.103125
2 0.04609375 0.34296875 0.0421875 0.1046875
2 0.55625 0.2234375 0.028125 0.065625
2 0.3625 0.23515625 0.0546875 0.0953125
2 0.30234375 0.2203125 0.0265625 0.071875
2 0.88984375 0.16953125 0.0359375 0.0859375
2 0.7765625 0.1859375 0.03125 0.053125
2 0.7046875 0.1921875 0.025 0.0484375
2 0.9625 0.14140625 0.0234375 0.0484375
1 0.68125 0.296875 0.0390625 0.0921875