2 0.2015625 0.25625 0.0421875 0.0859375
2 0.37890625 0.28671875 0.05 0.09375
2 0.28828125 0.23984375 0.0421875 0.084375
2 0.26484375 0.30546875 0.0421875 0.0953125
2 0.51875 0.18125 0.0515625 0.125
2 0.06015625 0.23828125 0.040625 0.1046875
2 0.08828125 0.25234375 0.053125 0.1078125
2 0.6125 0.240625 0.034375 0.0671875
2 0.4203125 0.2125 0.0640625 0.1
2 0.36484375 0.18515625 0.0328125 0.0734375
2 0.95 0.2578125 0.0453125 0.0890625
2 0.8359375 0.25 0.0359375 0.0546875
2 0.7640625 0.24140625 0.0296875 0.05
1 0.71953125 0.33828125 0.0484375 0.0953125