1 0.0609375 0.24453125 0.0671875 0.115625
1 0.153125 0.296875 0.0578125 0.0921875
1 0.33359375 0.26796875 0.0625 0.125
1 0.45 0.46796875 0.0625 0.1046875
1 0.546875 0.221875 0.0546875 0.096875
1 0.70078125 0.30078125 0.05625 0.103125
1 0.92265625 0.17421875 0.053125 0.096875
1 0.7390625 0.18515625 0.0453125 0.090625
1 0.45703125 0.23046875 0.0390625 0.0671875
1 0.3875 0.2359375 0.05625 0.0859375
1 0.59609375 0.246875 0.0453125 0.0921875
1 0.27109375 0.1796875 0.040625 0.0828125
2 0.784375 0.190625 0.05 0.0828125
1 0.8578125 0.1484375 0.0578125 0.1078125
1 0.63515625 0.25859375 0.053125 0.1390625
1 0.50078125 0.2046875 0.05 0.0984375