1 0.0703125 0.2296875 0.0625 0.1140625
1 0.16015625 0.28515625 0.0546875 0.090625
1 0.34140625 0.2625 0.059375 0.1234375
1 0.45078125 0.46640625 0.059375 0.103125
1 0.55703125 0.2234375 0.0515625 0.0953125
1 0.7078125 0.30859375 0.053125 0.1015625
1 0.93359375 0.1890625 0.05 0.0953125
1 0.75 0.19375 0.0421875 0.0890625
1 0.46640625 0.22890625 0.0359375 0.065625
1 0.396875 0.23203125 0.053125 0.084375
1 0.6046875 0.25 0.0421875 0.090625
1 0.28203125 0.171875 0.0375 0.08125
2 0.7953125 0.20078125 0.046875 0.08125
1 0.86953125 0.1609375 0.053125 0.10625
1 0.64375 0.26328125 0.0484375 0.1375
1 0.5109375 0.2046875 0.046875 0.096875