1 0.1484375 0.13359375 0.08125 0.121875
1 0.22265625 0.209375 0.0703125 0.0984375
1 0.40390625 0.23125 0.078125 0.13125
1 0.4609375 0.45546875 0.0765625 0.1109375
1 0.621875 0.2453125 0.0671875 0.1015625
1 0.74765625 0.3640625 0.06875 0.1078125
1 0.98125 0.3046875 0.034375 0.103125
1 0.81640625 0.26328125 0.0578125 0.09375
1 0.5328125 0.22890625 0.046875 0.0703125
1 0.46484375 0.215625 0.065625 0.090625
1 0.66171875 0.2828125 0.0578125 0.0953125
1 0.36796875 0.12890625 0.05 0.0859375
2 0.85859375 0.28046875 0.059375 0.0875
1 0.940625 0.2609375 0.0703125 0.1125
1 0.69609375 0.30546875 0.0703125 0.1421875
1 0.58203125 0.21640625 0.0625 0.103125