2 0.18515625 0.4296875 0.05 0.0859375
2 0.3109375 0.68828125 0.0703125 0.071875
2 0.303125 0.8203125 0.05625 0.115625
2 0.603125 0.671875 0.0671875 0.0875
2 0.6875 0.60078125 0.0328125 0.0609375
2 0.4203125 0.56015625 0.04375 0.0734375
2 0.41875 0.35234375 0.0484375 0.0703125
2 0.10703125 0.334375 0.0328125 0.0484375
2 0.51953125 0.29453125 0.028125 0.0421875
2 0.57890625 0.32265625 0.05625 0.059375
2 0.68046875 0.3359375 0.0296875 0.0546875
2 0.68125 0.43125 0.0390625 0.05
2 0.8 0.3828125 0.034375 0.0421875
2 0.8921875 0.39765625 0.0375 0.0578125
2 0.971875 0.50234375 0.0421875 0.0796875
2 0.46640625 0.253125 0.021875 0.034375
2 0.13359375 0.21015625 0.0140625 0.0234375
2 0.15859375 0.21953125 0.01875 0.0171875
2 0.3765625 0.259375 0.025 0.03125
2 0.64765625 0.271875 0.0234375 0.0375
2 0.746875 0.26796875 0.021875 0.0421875
2 0.7921875 0.29765625 0.01875 0.03125
2 0.93671875 0.3703125 0.0359375 0.0453125
2 0.96640625 0.31796875 0.025 0.0421875
2 0.078125 0.19765625 0.0125 0.0234375