2 0.18046875 0.45703125 0.0484375 0.084375
2 0.328125 0.70390625 0.0703125 0.0703125
2 0.33203125 0.83671875 0.0546875 0.115625
2 0.6171875 0.6625 0.065625 0.0859375
2 0.6953125 0.58359375 0.03125 0.0609375
2 0.42578125 0.56640625 0.04375 0.071875
2 0.40625 0.36015625 0.0484375 0.06875
2 0.09453125 0.36953125 0.03125 0.0484375
2 0.5015625 0.29375 0.028125 0.0421875
2 0.56328125 0.31640625 0.05625 0.0578125
2 0.665625 0.3203125 0.028125 0.0546875
2 0.67421875 0.415625 0.0390625 0.05
2 0.7890625 0.35703125 0.0328125 0.040625
2 0.88125 0.3640625 0.0359375 0.05625
2 0.9703125 0.4609375 0.040625 0.078125
2 0.4453125 0.25703125 0.021875 0.0328125
2 0.109375 0.24296875 0.0140625 0.0234375
2 0.1359375 0.25 0.0171875 0.015625
2 0.35625 0.27109375 0.0234375 0.03125
2 0.6265625 0.26015625 0.0234375 0.0375
2 0.72578125 0.24765625 0.0203125 0.040625
2 0.7734375 0.2734375 0.01875 0.0296875
2 0.92421875 0.3328125 0.034375 0.04375
2 0.9484375 0.278125 0.025 0.0421875
2 0.053125 0.2359375 0.0125 0.0234375