2 0.22578125 0.33671875 0.0375 0.0796875
2 0.371875 0.3125 0.0375 0.0703125
2 0.50078125 0.23515625 0.053125 0.08125
2 0.7921875 0.34296875 0.0484375 0.0765625
2 0.9703125 0.37578125 0.028125 0.05625
2 0.040625 0.146875 0.021875 0.0453125
2 0.0578125 0.28203125 0.0234375 0.053125
2 0.13359375 0.3515625 0.034375 0.065625
2 0.10390625 0.39609375 0.0296875 0.0421875
2 0.153125 0.28828125 0.021875 0.0359375
2 0.11953125 0.23046875 0.0265625 0.046875
2 0.10078125 0.303125 0.0234375 0.040625
2 0.06875 0.2109375 0.0234375 0.04375
2 0.02109375 0.07421875 0.0234375 0.0515625
2 0.08359375 0.10390625 0.015625 0.0390625
2 0.11328125 0.11328125 0.01875 0.034375
2 0.140625 0.1390625 0.0265625 0.0359375
2 0.1734375 0.1265625 0.0140625 0.034375
2 0.1828125 0.23359375 0.0234375 0.0421875
2 0.2265625 0.16171875 0.015625 0.0359375
2 0.20625 0.1671875 0.01875 0.0390625
2 0.2609375 0.16953125 0.0125 0.0296875
2 0.24375 0.23671875 0.0171875 0.040625
2 0.2875 0.2421875 0.021875 0.0421875
2 0.31015625 0.30546875 0.0234375 0.0421875
2 0.33046875 0.1953125 0.015625 0.040625
2 0.29453125 0.178125 0.0125 0.0296875
2 0.31015625 0.1515625 0.015625 0.0296875
2 0.36328125 0.19375 0.01875 0.0265625
2 0.4296875 0.2453125 0.0140625 0.0328125
2 0.43046875 0.2828125 0.0109375 0.028125
2 0.45625 0.31875 0.01875 0.0265625
2 0.428125 0.21171875 0.0109375 0.0265625
2 0.4453125 0.21171875 0.01875 0.03125
2 0.321875 0.0421875 0.015625 0.028125
2 0.2421875 0.01875 0.0125 0.0203125
2 0.6921875 0.31484375 0.0203125 0.0296875