2 0.20390625 0.38203125 0.0484375 0.0828125
2 0.34375 0.334375 0.046875 0.0734375
2 0.459375 0.23828125 0.065625 0.0875
2 0.7640625 0.29921875 0.059375 0.0828125
2 0.9453125 0.30390625 0.0359375 0.059375
2 0.003125 0.2234375 0.00625 0.05
2 0.02890625 0.35390625 0.03125 0.05625
2 0.11484375 0.4109375 0.04375 0.06875
2 0.0921875 0.459375 0.0359375 0.0453125
2 0.12421875 0.3453125 0.0265625 0.0390625
2 0.08203125 0.29296875 0.0328125 0.05
2 0.075 0.36796875 0.0296875 0.04375
2 0.02890625 0.28203125 0.0296875 0.046875
2 0.0265625 0.17421875 0.021875 0.040625
2 0.0578125 0.178125 0.0234375 0.0359375
2 0.08828125 0.2 0.03125 0.0390625
2 0.11875 0.1828125 0.01875 0.0359375
2 0.1453125 0.28671875 0.0296875 0.0453125
2 0.1765625 0.20859375 0.021875 0.0375
2 0.1578125 0.2171875 0.025 0.040625
2 0.2125 0.2109375 0.0171875 0.03125
2 0.20546875 0.28046875 0.0234375 0.0421875
2 0.25 0.27890625 0.028125 0.04375
2 0.28203125 0.3375 0.0296875 0.0453125
2 0.28515625 0.22578125 0.021875 0.0421875
2 0.246875 0.2140625 0.015625 0.0296875
2 0.25859375 0.1859375 0.01875 0.03125
2 0.3171875 0.21875 0.021875 0.028125
2 0.390625 0.259375 0.01875 0.034375
2 0.39765625 0.29609375 0.015625 0.028125
2 0.428125 0.32734375 0.021875 0.028125
2 0.38359375 0.2265625 0.015625 0.0265625
2 0.40078125 0.22421875 0.0234375 0.0328125
2 0.25234375 0.075 0.01875 0.0296875
2 0.1703125 0.06484375 0.015625 0.021875
2 0.6609375 0.2875 0.0234375 0.03125