2 0.57265625 0.54453125 0.1046875 0.1640625
2 0.8046875 0.7984375 0.0984375 0.1765625
2 0.77734375 0.59921875 0.06875 0.1265625
2 0.821875 0.4265625 0.0484375 0.09375
2 0.178125 0.66171875 0.065625 0.0890625
2 0.26484375 0.67734375 0.0640625 0.1015625
2 0.07578125 0.5484375 0.059375 0.0921875
2 0.234375 0.55546875 0.0453125 0.078125
2 0.27890625 0.471875 0.0515625 0.084375
2 0.32734375 0.45859375 0.0328125 0.059375
2 0.37109375 0.45625 0.034375 0.0578125
2 0.4703125 0.45234375 0.03125 0.046875
2 0.51328125 0.58046875 0.053125 0.0859375
2 0.61953125 0.45703125 0.040625 0.08125
2 0.51640625 0.421875 0.034375 0.0546875
2 0.58046875 0.38125 0.0296875 0.046875
2 0.65546875 0.42890625 0.0328125 0.0671875
2 0.91171875 0.41171875 0.0234375 0.0390625
0 0.1328125 0.4453125 0.0421875 0.0625
2 0.196875 0.45234375 0.0390625 0.0765625
2 0.17265625 0.44765625 0.0328125 0.0640625