2 0.56953125 0.54921875 0.09375 0.1578125
2 0.7828125 0.81953125 0.0875 0.171875
2 0.76953125 0.61796875 0.0609375 0.1234375
2 0.8265625 0.44921875 0.0421875 0.090625
2 0.16796875 0.6390625 0.0609375 0.084375
2 0.253125 0.66015625 0.0578125 0.0984375
2 0.0734375 0.51875 0.053125 0.0890625
2 0.23046875 0.53671875 0.040625 0.0765625
2 0.28125 0.45703125 0.046875 0.08125
2 0.33046875 0.446875 0.0296875 0.0578125
2 0.375 0.44765625 0.03125 0.05625
2 0.47421875 0.45 0.028125 0.0453125
2 0.5078125 0.58125 0.0484375 0.0828125
2 0.62265625 0.465625 0.0359375 0.0796875
2 0.521875 0.4234375 0.03125 0.053125
2 0.58828125 0.3875 0.0265625 0.0453125
2 0.659375 0.43984375 0.028125 0.0671875
2 0.9171875 0.440625 0.021875 0.0375
0 0.1375 0.41953125 0.0390625 0.0609375
2 0.20078125 0.43125 0.034375 0.075
2 0.1765625 0.425 0.0296875 0.0625