2 0.5703125 0.54765625 0.096875 0.159375
2 0.7890625 0.8140625 0.090625 0.1734375
2 0.771875 0.61328125 0.0640625 0.125
2 0.82578125 0.44375 0.04375 0.0921875
2 0.1703125 0.64453125 0.0625 0.0859375
2 0.25625 0.66484375 0.059375 0.0984375
2 0.0734375 0.5265625 0.0546875 0.0890625
2 0.23125 0.54140625 0.0421875 0.0765625
2 0.28046875 0.4609375 0.0484375 0.08125
2 0.3296875 0.44921875 0.0296875 0.0578125
2 0.3734375 0.44921875 0.03125 0.05625
2 0.4734375 0.45078125 0.0296875 0.0453125
2 0.50859375 0.58125 0.05 0.0828125
2 0.621875 0.46328125 0.0375 0.0796875
2 0.5203125 0.4234375 0.03125 0.053125
2 0.58671875 0.3859375 0.028125 0.0453125
2 0.65859375 0.43671875 0.0296875 0.0671875
2 0.915625 0.43359375 0.021875 0.0375
0 0.1359375 0.42578125 0.0390625 0.0609375
2 0.19921875 0.43671875 0.0359375 0.075
2 0.17578125 0.43125 0.03125 0.0625