2 0.33671875 0.5671875 0.040625 0.1203125
2 0.3890625 0.52578125 0.034375 0.0765625
2 0.578125 0.52890625 0.05 0.078125
2 0.49765625 0.39375 0.01875 0.040625
2 0.26953125 0.4734375 0.0296875 0.0625
2 0.56484375 0.3625 0.0140625 0.04375
2 0.59453125 0.440625 0.0296875 0.0625
2 0.634375 0.36640625 0.015625 0.0375
1 0.7703125 0.33515625 0.053125 0.0921875
2 0.16171875 0.36328125 0.0171875 0.0390625
2 0.0375 0.32421875 0.0171875 0.0328125
2 0.1109375 0.38125 0.0171875 0.0328125
2 0.54296875 0.26640625 0.0078125 0.0171875
2 0.51953125 0.2734375 0.00625 0.0125
2 0.44140625 0.3453125 0.0125 0.03125
2 0.65703125 0.34140625 0.0109375 0.025