2 0.34609375 0.58671875 0.0546875 0.1234375
2 0.39296875 0.5390625 0.0421875 0.0796875
2 0.58125 0.51875 0.0578125 0.0828125
2 0.48515625 0.39453125 0.0234375 0.0421875
2 0.26796875 0.50234375 0.0375 0.0640625
2 0.54765625 0.35546875 0.0203125 0.0453125
2 0.58671875 0.42890625 0.0375 0.0640625
2 0.6171875 0.35078125 0.0203125 0.0390625
1 0.7484375 0.303125 0.0640625 0.096875
2 0.14765625 0.40546875 0.021875 0.040625
2 0.01953125 0.38125 0.0203125 0.034375
2 0.1 0.4296875 0.0203125 0.034375
2 0.5140625 0.2625 0.0109375 0.01875
2 0.49140625 0.27265625 0.0078125 0.0140625
2 0.4234375 0.35390625 0.015625 0.03125
2 0.63671875 0.3234375 0.0125 0.025