1 0.04375 0.53671875 0.0671875 0.1140625
1 0.0734375 0.66484375 0.0578125 0.1171875
1 0.178125 0.5171875 0.0578125 0.14375
1 0.234375 0.628125 0.065625 0.1390625
1 0.3265625 0.5484375 0.0578125 0.103125
1 0.3921875 0.68515625 0.059375 0.121875
1 0.47578125 0.5453125 0.0640625 0.125
1 0.53671875 0.62890625 0.0703125 0.1265625
1 0.6125 0.5640625 0.065625 0.1328125
1 0.67890625 0.6828125 0.0625 0.1171875
1 0.740625 0.6296875 0.0640625 0.1359375
1 0.79453125 0.74140625 0.0609375 0.1171875
1 0.88046875 0.61953125 0.0609375 0.1171875
1 0.9453125 0.69140625 0.0640625 0.1359375