1 0.08046875 0.68359375 0.0828125 0.1203125
1 0.15 0.7953125 0.075 0.121875
1 0.20078125 0.62109375 0.078125 0.146875
1 0.290625 0.7078125 0.0859375 0.14375
1 0.3515625 0.60234375 0.071875 0.1078125
1 0.4578125 0.71015625 0.0765625 0.1265625
1 0.49140625 0.55078125 0.08125 0.1296875
1 0.5765625 0.609375 0.0875 0.13125
1 0.62734375 0.5234375 0.084375 0.1390625
1 0.72890625 0.6140625 0.0796875 0.1234375
1 0.76953125 0.54453125 0.0828125 0.140625
1 0.8578125 0.63203125 0.078125 0.121875
1 0.8984375 0.4890625 0.078125 0.121875
1 0.96953125 0.53671875 0.0578125 0.1421875