1 0.04609375 0.5609375 0.0609375 0.1125
1 0.08203125 0.68671875 0.053125 0.115625
1 0.17890625 0.534375 0.05 0.140625
1 0.24140625 0.6421875 0.059375 0.1359375
1 0.32890625 0.55703125 0.053125 0.1015625
1 0.4015625 0.690625 0.0546875 0.1203125
1 0.478125 0.54609375 0.0578125 0.1234375
1 0.54296875 0.6265625 0.0640625 0.1234375
1 0.615625 0.5578125 0.059375 0.13125
1 0.68828125 0.6734375 0.0578125 0.115625
1 0.746875 0.6171875 0.0578125 0.134375
1 0.80703125 0.72578125 0.05625 0.115625
1 0.8859375 0.59921875 0.05625 0.115625
1 0.9546875 0.6671875 0.0578125 0.134375