1 0.2546875 0.490625 0.0703125 0.09375
0 0.10390625 0.4140625 0.0421875 0.071875
1 0.1078125 0.2453125 0.0484375 0.071875
1 0.546875 0.6125 0.0609375 0.071875
1 0.62890625 0.6765625 0.06875 0.1015625
1 0.36015625 0.48984375 0.05625 0.09375
1 0.50234375 0.51015625 0.04375 0.084375
1 0.1671875 0.265625 0.0484375 0.0703125
1 0.29453125 0.1890625 0.0390625 0.0453125
1 0.38046875 0.27265625 0.05 0.05625
1 0.31796875 0.3515625 0.0515625 0.0796875
1 0.25390625 0.27578125 0.046875 0.0578125
1 0.1578125 0.103125 0.03125 0.0578125
1 0.7234375 0.459375 0.053125 0.078125
1 0.725 0.69921875 0.0515625 0.1
1 0.815625 0.5671875 0.0515625 0.0828125
1 0.51328125 0.26796875 0.040625 0.053125
1 0.57734375 0.290625 0.040625 0.065625
1 0.6625 0.24921875 0.0421875 0.0625
1 0.6828125 0.3875 0.040625 0.0609375
1 0.86953125 0.56015625 0.040625 0.0703125
1 0.93828125 0.45859375 0.04375 0.075
1 0.865625 0.3609375 0.0359375 0.0625
1 0.81484375 0.32890625 0.046875 0.0578125