1 0.25625 0.46875 0.0765625 0.096875
0 0.1125 0.38046875 0.046875 0.0734375
1 0.13125 0.2125 0.0546875 0.0734375
1 0.53671875 0.61640625 0.065625 0.075
1 0.6125 0.68671875 0.0765625 0.1046875
1 0.36171875 0.47734375 0.0640625 0.096875
1 0.5015625 0.51015625 0.05 0.0859375
1 0.1890625 0.2375 0.053125 0.071875
1 0.32265625 0.17265625 0.0421875 0.046875
1 0.4 0.26328125 0.053125 0.059375
1 0.33125 0.33671875 0.05625 0.08125
1 0.27421875 0.25546875 0.0515625 0.059375
1 0.19375 0.075 0.0359375 0.059375
1 0.72578125 0.47890625 0.0578125 0.0796875
1 0.70625 0.71796875 0.059375 0.1015625
1 0.80859375 0.59453125 0.0578125 0.084375
1 0.53359375 0.2703125 0.04375 0.05625
1 0.5953125 0.2984375 0.0453125 0.0671875
1 0.68359375 0.2640625 0.0453125 0.0640625
1 0.6921875 0.40390625 0.0453125 0.0625
1 0.8625 0.5921875 0.046875 0.071875
1 0.940625 0.496875 0.05 0.0765625
1 0.87578125 0.39296875 0.040625 0.0640625
1 0.82890625 0.35703125 0.0515625 0.059375