1 0.259375 0.55 0.065625 0.090625
0 0.09453125 0.5125 0.0375 0.0703125
1 0.0578125 0.3484375 0.0453125 0.0703125
1 0.57265625 0.59765625 0.05625 0.06875
1 0.6671875 0.63984375 0.0625 0.0984375
1 0.36171875 0.52421875 0.0515625 0.0921875
1 0.5046875 0.509375 0.0375 0.0828125
1 0.1203125 0.353125 0.04375 0.0671875
1 0.22578125 0.24765625 0.0375 0.0421875
1 0.32890625 0.30859375 0.046875 0.053125
1 0.2875 0.4 0.046875 0.078125
1 0.20703125 0.3421875 0.04375 0.0546875
1 0.071875 0.19765625 0.028125 0.0578125
1 0.70703125 0.40625 0.0484375 0.075
1 0.76640625 0.6390625 0.0453125 0.096875
1 0.82265625 0.4890625 0.046875 0.08125
1 0.45625 0.271875 0.0375 0.0515625
1 0.52421875 0.278125 0.0359375 0.0640625
1 0.596875 0.2171875 0.0375 0.0609375
1 0.65078125 0.34609375 0.0375 0.059375
1 0.87265625 0.46875 0.0375 0.06875
1 0.915625 0.35390625 0.0390625 0.0734375
1 0.82109375 0.2765625 0.03125 0.0609375
1 0.7640625 0.2578125 0.04375 0.0546875