1 0.1421875 0.60390625 0.0578125 0.0875
1 0.265625 0.56875 0.0671875 0.0953125
1 0.46953125 0.4015625 0.0484375 0.0828125
1 0.5859375 0.5671875 0.0671875 0.1265625
1 0.2171875 0.2765625 0.0640625 0.084375
1 0.1625 0.2328125 0.0484375 0.084375
1 0.615625 0.24140625 0.04375 0.0734375
1 0.80078125 0.3953125 0.0515625 0.0921875
1 0.69375 0.8140625 0.121875 0.2125
1 0.30625 0.7890625 0.0578125 0.0859375
1 0.1640625 0.9140625 0.078125 0.1109375
1 0.95078125 0.55234375 0.0671875 0.0953125
1 0.32890625 0.31015625 0.04375 0.071875